loss:
- train: 7651.998939037323
  valid: 947.3412480354309
