loss:
- train: 7282.141514420509
  valid: 832.259444475174
