loss:
- train: 9274.766830205917
  valid: 1117.253818511963
