loss:
- train: 8982.54505777359
  valid: 1112.2386677265167
