loss:
- train: 7309.409291386604
  valid: 838.0151019096375
