loss:
- train: 8871.252154111862
  valid: 1094.8168504238129
