loss:
- train: 7287.2859654426575
  valid: 1004.6917071342468
