loss:
- train: 7652.023372173309
  valid: 1044.0818963050842
