loss:
- train: 8850.667558908463
  valid: 1096.370768547058
