loss:
- train: 6616.825104475021
  valid: 719.0982419252396
