loss:
- train: 8545.593557357788
  valid: 1023.3883664608002
